LoRA BERT
Evaluation Results: {
'eval_loss': 0.3052571713924408,
'eval_accuracy': 0.9031578947368422,
'eval_f1': 0.9028168673754556,
'eval_runtime': 43.6182,
'eval_samples_per_second': 174.239,
'eval_steps_per_second': 10.89,
'epoch': 1.0
}
